0 Untitled
0 Name: Clock.ldr
0 Author: MLCad
0 Unofficial Model
0 COLOR 70 Reddish-Brown 0 105 64 39 255 105 64 39 255
0 COLOR 71 Stone-Gray 0 163 162 164 255 163 162 164 255
0 COLOR 72 Dark-Stone-Gray 0 99 95 97 255 99 95 97 255
0 COLOR 134 Pearl-Copper 0 147 135 103 255 147 135 103 255
0 COLOR 135 Pearl-Gray 0 171 173 172 255 171 173 172 255
0 COLOR 137 Pearl-Sand-Blue 0 106 122 150 255 106 122 150 255
0 COLOR 142 Pearl-Gold 0 215 169 75 255 215 169 75 255
0 COLOR 256 Rubber-Black 8 33 33 33 255 33 33 33 255
0 COLOR 272 Dark-Blue 9 0 29 104 255 0 29 104 255
0 COLOR 273 Rubber-Blue 9 0 51 178 255 0 51 178 255
0 COLOR 288 Dark-Green 10 39 70 44 255 39 70 44 255
0 COLOR 320 Dark-Red 12 120 0 28 255 120 0 28 255
0 COLOR 323 unused 12 204 0 0 255 0 170 170 255
0 COLOR 324 Rubber-Red 12 196 0 38 255 196 0 38 255
0 COLOR 334 Chrome-Gold 12 196 0 38 255 255 220 0 255
0 COLOR 335 Sand-Red 12 191 135 130 255 191 135 130 255
0 COLOR 366 Earth-Orange 0 209 131 4 255 209 131 4 255
0 COLOR 373 Sand-Violet 8 132 94 132 255 132 94 132 255
0 COLOR 375 Rubber-Gray 8 193 194 193 255 193 194 193 255
0 COLOR 378 Sand-Green 8 160 188 172 255 160 188 172 255
0 COLOR 379 Sand-Blue 8 106 122 150 255 106 122 150 255
0 COLOR 382 unused 8 170 170 170 255 255 229 0 255
0 COLOR 383 Chrome-Silver 8 255 255 255 255 193 194 193 255
0 COLOR 431 Mint-Green 2 186 255 206 255 186 255 206 255
0 COLOR 462 Light-Orange 4 254 159 6 255 254 159 6 255
0 COLOR 463 Light-Red 4 255 133 122 255 255 133 122 255
0 COLOR 484 Dark-Orange 8 179 62 0 255 179 62 0 255
0 COLOR 494 Electric-Contact 8 255 220 0 255 208 208 208 255
0 COLOR 495 Light-Yellow 14 253 232 150 255 253 232 150 255
0 COLOR 503 Light-Gray 8 230 227 218 255 230 227 218 255
0 COLOR 511 Rubber-White 8 255 255 255 255 255 255 255 255
0 ROTATION CENTER 0 0 0 1 "Custom" 
0 ROTATION CONFIG 0 0
1 7 0 0 0 1 0 0 0 1 0 0 0 1 4185.DAT
1 8 0 -20 5 0 0 1 0 1 0 -1 0 0 32002.DAT
1 8 -17 -10 5 0 0 1 0 1 0 -1 0 0 32002.DAT
1 8 -17 10 5 0 0 1 0 1 0 -1 0 0 32002.DAT
1 8 17 -10 5 0 0 1 0 1 0 -1 0 0 32002.DAT
1 8 17 10 5 0 0 1 0 1 0 -1 0 0 32002.DAT
1 8 0 20 5 0 0 1 0 1 0 -1 0 0 32002.DAT
1 0 0 -20 15 0 -1 0 0 0 1 -1 0 0 32013.DAT
1 0 -51.981 29.856 15 -0.866025 0.5 0 0.5 0.866025 0 0 0 -1 4519.DAT
1 7 -51.981 29.856 15 -0.866025 -0.5 0 0.5 -0.866025 0 0 0 1 6536.DAT
1 0 -61.982 12.535 25 0 -0.5 -0.866025 0 -0.866025 0.5 -1 0 0 2780.DAT
1 7 -79.302 22.534 15 -0.866025 0 -0.5 0.5 0 -0.866025 0 -1 0 32039.DAT
1 0 -94.302 -3.445 15 0.5 0 -0.866025 0.866025 0 0.5 0 -1 0 3705.DAT
1 0 52.019 -30.144 15 0.866025 -0.5 0 -0.5 -0.866025 0 0 0 -1 4519.DAT
1 7 52.019 -30.144 15 0.866025 0.5 0 -0.5 0.866025 0 0 0 1 6536.DAT
1 0 62.02 -12.823 25 0 0.5 0.866025 0 0.866025 -0.5 -1 0 0 2780.DAT
1 7 79.34 -22.822 15 0.866025 0 0.5 -0.5 0 0.866025 0 -1 0 32039.DAT
1 0 94.34 3.157 15 -0.5 0 0.866025 -0.866025 0 -0.5 0 -1 0 3705.DAT
1 0 52 30 15 0.866025 0.5 0 0.5 -0.866025 0 0 0 -1 4519.DAT
1 7 52 30 15 0.866025 -0.5 0 0.5 0.866025 0 0 0 1 6536.DAT
1 0 41.999 47.321 25 0 -0.5 0.866025 0 0.866025 0.5 -1 0 0 2780.DAT
1 7 59.322 57.321 15 0.866025 0 -0.5 0.5 0 0.866025 0 -1 0 32039.DAT
1 0 44.321 83.301 15 0.5 0 0.866025 -0.866025 0 0.5 0 -1 0 3705.DAT
1 0 -52 -30 15 -0.866025 -0.5 0 -0.5 0.866025 0 0 0 -1 4519.DAT
1 7 -52 -30 15 -0.866025 0.5 0 -0.5 -0.866025 0 0 0 1 6536.DAT
1 0 -41.999 -47.321 25 0 0.5 -0.866025 0 -0.866025 -0.5 -1 0 0 2780.DAT
1 7 -59.322 -57.321 15 -0.866025 0 0.5 -0.5 0 -0.866025 0 -1 0 32039.DAT
1 0 -44.321 -83.301 15 -0.5 0 -0.866025 0.866025 0 -0.5 0 -1 0 3705.DAT
1 0 0 -60 15 0 -1 0 -1 0 0 0 0 -1 4519.DAT
1 7 0 -60 15 0 1 0 -1 0 0 0 0 1 6536.DAT
1 0 20 -60 25 0 1 0 0 0 -1 -1 0 0 2780.DAT
1 7 20 -80 15 0 0 1 -1 0 0 0 -1 0 32039.DAT
1 0 50 -80 15 -1 0 0 0 0 -1 0 -1 0 3705.DAT
1 0 0 60 15 0 1 0 1 0 0 0 0 -1 4519.DAT
1 7 0 60 15 0 -1 0 1 0 0 0 0 1 6536.DAT
1 0 -20 60 25 0 -1 0 0 0 1 -1 0 0 2780.DAT
1 7 -20 80 15 0 0 -1 1 0 0 0 -1 0 32039.DAT
1 0 -50 80 15 1 0 0 0 0 1 0 -1 0 3705.DAT
1 0 0 20 15 0 1 0 0 0 -1 -1 0 0 32013.DAT
1 0 -17 10 15 0 0.5 0.866025 0 0.866025 -0.5 -1 0 0 32013.DAT
1 0 17 10 15 0 0.5 -0.866025 0 -0.866025 -0.5 -1 0 0 32013.DAT
1 0 -17 -10 15 0 -0.5 0.866025 0 0.866025 0.5 -1 0 0 32013.DAT
1 0 17 -10 15 0 -0.5 -0.866025 0 -0.866025 0.5 -1 0 0 32013.DAT
0
